1914 1 1 43 31 
1914 1 2 42 34 
1914 1 3 51 40 
1914 1 4 45 32 
1914 1 5 44 32 
1914 1 6 51 36 
1914 1 7 52 32 
1914 1 8 60 34 
1914 1 9 62 43 
1914 1 10 58 37 
1914 1 11 45 30 
1914 1 12 47 27 
1914 1 13 40 25 
1914 1 14 36 19 
1914 1 15 58 28 
1914 1 16 52 31 
1914 1 17 49 36 
1914 1 18 48 30 
1914 1 19 50 37 
1914 1 20 64 45 
1914 1 21 61 36 
1914 1 22 49 30 
1914 1 23 56 34 
1914 1 24 59 46 
1914 1 25 51 39 
1914 1 26 55 34 
1914 1 27 62 39 
1914 1 28 73 44 
1914 1 29 72 44 
1914 1 30 73 61 
1914 1 31 69 43 
