2014 1 1 51 29 
2014 1 2 53 33 
2014 1 3 37 24 
2014 1 4 42 19 
2014 1 5 53 22 
2014 1 6 54 37 
2014 1 7 48 9 
2014 1 8 38 13 
2014 1 9 47 20 
2014 1 10 51 29 
2014 1 11 70 45 
2014 1 12 56 38 
2014 1 13 61 37 
2014 1 14 56 41 
2014 1 15 49 37 
2014 1 16 56 33 
2014 1 17 44 28 
2014 1 18 53 25 
2014 1 19 39 29 
2014 1 20 53 30 
2014 1 21 49 34 
2014 1 22 40 14 
2014 1 23 36 11 
2014 1 24 30 13 
2014 1 25 41 20 
2014 1 26 43 25 
2014 1 27 59 22 
2014 1 28 29 20 
2014 1 29 28 17 
2014 1 30 39 20 
2014 1 31 49 26 
